0.0100028
0.0200028
0.0300028
0.0400028
0.0500028
0.0600028
0.0700028
0.0800028
0.0900028
0.100003
0.110003
0.120003
0.130003
0.140003
0.150003
0.160003
0.170003
0.180003
0.190003
0.200003
0.210003
0.220003
0.230003
0.240003
0.250003
0.260003
0.270003
0.280003
0.290003
0.300003
0.310003
0.320003
0.330003
0.340003
0.350003
0.360003
0.370003
0.380003
0.390003
0.400003
0.410003
0.420003
0.430003
0.440003
0.450003
0.460003
0.470003
0.480003
0.490003
0.500003
0.510003
0.520003
0.530003
0.540003
0.550003
0.560003
0.570003
0.580003
0.590003
0.600003
0.610003
0.620003
0.630003
0.640003
0.650003
0.660003
0.670003
0.680003
0.690003
0.700003
0.710003
0.720003
0.730003
0.740003
0.750003
0.760003
0.770003
0.780003
0.790003
0.800003
0.810003
0.820003
0.830003
0.840003
0.850003
0.860003
0.870003
0.880003
0.890003
0.900003
0.910003
0.920003
0.930003
0.940003
0.950003
0.960003
0.970003
0.980003
0.990003
1
1.01
1.02
1.03
1.04
1.05
1.06
1.07
1.08
1.09
1.1
1.11
1.12
1.13
1.14
1.15
1.16
1.17
1.18
1.19
1.2
1.21
1.22
1.23
1.24
1.25
1.26
1.27
1.28
1.29
1.3
1.31
1.32
1.33
1.34
1.35
1.36
1.37
1.38
1.39
1.4
1.41
1.42
1.43
1.44
1.45
1.46
1.47
1.48
1.49
1.5
1.51
1.52
1.53
1.54
1.55
1.56
1.57
1.58
1.59
1.6
1.61
1.62
1.63
1.64
1.65
1.66
1.67
1.68
1.69
1.7
1.71
1.72
1.73
1.74
1.75
1.76
1.77
1.78
1.79
1.8
1.81
1.82
1.83
1.84
1.85
1.86
1.87
1.88
1.89
1.9
1.91
1.92
1.93
1.94
1.95
1.96
1.97
1.98
1.99
2
2.01
2.02
2.03
2.04
2.05
2.06
2.07
2.08
2.09
2.1
2.11
2.12
2.13
2.14
2.15
2.16
2.17
2.18
2.19
2.2
2.21
2.22
2.23
2.24
2.25
2.26
2.27
2.28
2.29
2.3
2.31
2.32
2.33
2.34
2.35
2.36
2.37
2.38
2.39
2.4
2.41
2.42
2.43
2.44
2.45
2.46
2.47
2.48
2.49
2.5
2.51
2.52
2.53
2.54
2.55
2.56
2.57
2.58
2.59
2.6
2.61
2.62
2.63
2.64
2.65
2.66
2.67
2.68
2.69
2.7
2.71
2.72
2.73
2.74
2.75
2.76
2.77
2.78
2.79
2.8
2.81
2.82
2.83
2.84
2.85
2.86
2.87
2.88
2.89
2.9
2.91
2.92
2.93
2.94
2.95
2.96
2.97
2.98
2.99
3
3.01
3.02
3.03
3.04
3.05
3.06
3.07
3.08
3.09
3.1
3.11
3.12
